3 -1.56
4 0.013
5 0.24
6 0.46
7 -0.77
9 1.69
10 0.91
11 -0.099
12 -1.11
13 -2.57
14 -4.25
16 -2.45
17 -2.46
18 -2.34
19 -1.45
20 -1.33
21 0.46
22 -4.14
23 1.47
24 3.38
25 4.28
26 2.71
27 1.36
28 9.89
29 9.55
30 7.08
31 5.40
32 8.32
33 11.24
34 7.42
35 2.71
36 7.08
37 2.03
38 3.27
39 1.70
40 0.69
41 -0.44
42 -0.21
43 -2.46
45 -2.34
47 -2.23
48 -2.90
50 0.01
51 1.70
52 7.06
53 6.75
54 7.42
55 11.69
56 8.43
57 11.80
58 12.36
59 11.01
60 7.65
61 12.25
62 8.88
63 4.28
64 5.40
65 7.76
66 1.25
67 2.15
68 4.05
69 0.78
70 -0.44
71 -1.11
