3 0.0138281
4 0.0360395
5 0.0539546
6 0.226904
7 0.201585
8 0.568874
9 0.648732
10 0.544985
11 0.493828
12 0.769791
13 0.669799
14 0.790972
15 0.672912
16 0.717915
17 0.721389
18 0.873374
20 0.657589
22 0.671585
24 0.637768
27 0.689681
28 0.553388
29 0.763924
30 0.772141
31 0.609954
33 0.466757
34 0.791487
35 0.75881
36 0.583723
37 0.473537
38 0.496474
40 0.613053
42 0.783811
43 0.750046
46 0.609608
47 0.49646
48 0.746108
50 0.554072
51 0.646443
52 0.71309
53 0.582236
54 0.600551
55 0.618409
56 0.630114
57 0.949588
58 0.871955
