1 XXX 0 0 0 0 0 0
2 XXX 0 0 0 0 0 0
3 VAL 0 62.157 8.236 120.839 176.026 31.469
4 PHE 0 57.641 8.342 123.864 175.906 38.549
5 MET 0 55.023 8.230 122.745 176.026 31.469
6 LYS 0 56.519 8.282 123.066 177.223 31.682
7 GLY 0 44.843 8.409 110.321 174.130 0
8 LEU 0 54.756 8.074 122.165 177.676 41.210
9 SER 0 58.069 8.337 117.300 174.562 63.353
10 LYS 0 56.092 8.461 124.343 176.558 31.469
11 ALA 0 52.218 8.322 125.811 177.942 18.109
12 LYS 0 56.012 8.361 121.458 176.748 31.842
13 GLU 0 56.306 8.453 122.699 177.117 0
14 GLY 0 44.816 8.461 110.547 173.950 0
15 VAL 0 62.184 8.001 120.839 176.545 31.576
16 VAL 0 61.997 8.307 125.803 176.026 31.629
17 ALA 0 52.111 8.465 128.876 177.742 18.162
18 ALA 0 52.244 8.331 124.154 177.919 18.109
19 ALA 0 52.298 8.292 123.615 178.235 18.109
20 GLU 0 56.332 8.347 120.715 176.993 29.180
21 LYS 0 56.306 8.359 122.869 177.197 31.788
22 THR 0 61.917 8.157 115.909 174.695 69.208
23 LYS 0 56.252 8.370 124.319 176.759 31.842
24 GLN 0 55.771 8.449 122.258 176.616 28.488
25 GLY 0 44.843 8.499 111.100 174.230 0
26 VAL 0 62.157 8.040 120.466 176.461 31.599
27 ALA 0 52.378 8.440 127.811 178.208 18.162
28 GLU 0 56.386 8.420 121.129 176.695 29.180
29 ALA 0 52.244 8.325 125.438 177.792 18.162
30 ALA 0 52.378 8.256 123.542 178.527 18.109
31 GLY 0 44.870 8.325 108.328 174.230 0
32 LYS 0 55.825 8.124 121.336 177.024 31.895
33 THR 0 61.542 8.252 116.282 174.656 69.208
34 LYS 0 56.012 8.487 124.393 176.438 31.948
35 GLU 0 56.332 8.471 122.722 176.984 0
36 GLY 0 44.816 8.477 110.641 174.030 0
37 VAL 0 61.863 7.934 120.259 175.950 31.682
38 LEU 0 54.542 8.303 126.391 176.678 41.263
39 TYR 0 57.481 8.303 123.076 175.560 38.070
40 VAL 0 61.729 8.107 124.029 176.172 31.842
41 GLY 0 44.683 8.040 112.595 173.937 0
42 XXX 0 0 0 0 0 0
43 XXX 0 0 0 0 0 0
44 THR 0 61.489 8.208 116.158 174.616 69.208
45 LYS 0 56.279 8.398 124.246 176.718 31.948
46 GLU 0 56.306 8.454 122.774 177.117 0
47 GLY 0 44.790 8.454 110.595 173.897 0
48 VAL 0 61.810 7.934 120.674 176.013 31.682
49 VAL 0 61.703 8.325 125.728 175.906 31.629
50 HIS 0 56.038 8.487 125.438 175.897 30.351
51 GLY 0 44.736 8.407 111.127 173.777 0
52 VAL 0 61.569 8.046 120.259 175.961 31.842
53 ALA 0 52.004 8.504 128.628 177.862 18.109
54 THR 0 61.462 8.247 115.495 174.562 69.262
55 VAL 0 61.810 8.264 123.698 175.893 31.788
56 ALA 0 52.057 8.437 128.545 177.742 18.162
57 GLU 0 56.145 8.398 121.461 176.748 29.234
58 LYS 0 56.038 8.459 123.449 176.997 31.895
59 THR 0 61.756 8.241 116.614 174.682 69.208
60 LYS 0 56.199 8.409 124.236 176.718 31.842
61 GLU 0 56.306 8.471 122.568 176.997 29.180
62 GLN 0 55.317 8.454 122.372 175.999 28.648
63 VAL 0 61.917 8.308 122.579 176.399 31.469
64 THR 0 61.409 8.329 118.727 174.057 69.155
65 XXX 0 0 0 0 0 0
66 VAL 0 62.237 8.275 121.419 176.904 31.469
67 GLY 0 44.870 8.565 113.134 174.682 0
68 GLY 0 44.629 8.247 109.446 173.737 0
69 ALA 0 51.870 8.185 124.361 177.675 18.268
70 VAL 0 61.917 8.241 121.129 176.372 31.629
71 VAL 0 61.676 8.415 126.018 176.332 31.735
72 THR 0 61.489 8.336 119.265 174.918 69.262
73 GLY 0 44.736 8.448 111.891 174.013 0
74 VAL 0 61.890 8.107 120.218 176.568 31.895
75 THR 0 61.569 8.325 119.596 174.119 69.208
76 ALA 0 51.977 8.392 127.924 177.569 18.162
77 VAL 0 61.756 8.174 120.756 176.026 31.842
78 ALA 0 52.030 8.431 128.628 177.716 18.162
79 GLN 0 55.237 8.418 120.923 175.939 28.435
80 LYS 0 55.905 8.459 123.905 176.705 31.895
81 THR 0 61.489 8.320 117.608 174.443 69.208
82 VAL 0 61.783 8.331 123.656 176.159 31.788
83 GLU 0 56.359 8.593 125.852 177.077 29.234
84 GLY 0 44.816 8.538 111.269 174.137 0
85 ALA 0 52.405 8.280 124.526 178.526 18.162
86 GLY 0 44.790 8.504 108.742 174.296 0
87 SER 0 58.016 8.174 116.365 174.695 63.460
88 ILE 0 60.874 8.218 123.445 176.333 37.644
89 ALA 0 52.137 8.370 128.545 177.583 18.162
90 ALA 0 52.004 8.236 123.864 177.738 18.162
91 ALA 0 52.164 8.314 123.946 178.164 18.162
92 THR 0 61.569 8.124 113.299 175.201 69.208
93 GLY 0 44.709 8.320 111.228 173.618 0
94 PHE 0 57.454 8.123 120.999 175.534 38.815
95 VAL 0 61.489 8.079 124.444 175.441 31.895
96 LYS 0 55.931 8.415 126.971 176.465 31.895
97 LYS 0 56.012 8.499 124.408 0 31.948
98 ASP 0 54.061 8.426 121.792 176.226 40.358
99 GLN 0 55.370 8.375 120.798 176.014 28.382
100 LEU 0 54.970 8.330 123.452 178.008 40.944
101 GLY 0 44.816 8.493 110.358 174.030 0
102 LYS 0 55.771 8.230 121.419 176.452 0
103 ASN 0 52.992 8.644 120.549 175.294 38.070
104 GLU 0 56.225 8.504 121.958 176.572 29.180
105 GLU 0 56.412 8.493 122.414 177.024 29.180
106 GLY 0 44.549 8.454 110.814 0 0
107 ALA 0 50.053 8.141 125.521 175.600 17.257
108 XXX 0 0 0 0 0 0
109 GLN 0 55.237 8.610 121.751 175.999 28.808
110 GLU 0 56.172 8.549 123.159 176.891 29.234
111 GLY 0 44.763 8.504 110.855 173.751 0
112 ILE 0 60.474 8.029 120.922 176.279 37.537
113 LEU 0 54.542 8.437 127.675 177.117 41.210
114 GLU 0 55.931 8.448 122.911 175.893 29.393
115 ASP 0 53.874 8.392 122.082 175.786 40.305
116 MET 0 52.779 8.303 122.662 174.123 31.469
117 XXX 0 0 0 0 0 0
118 VAL 0 61.409 8.325 121.461 175.790 31.842
119 ASP 0 51.817 8.549 126.598 174.722 40.358
120 XXX 0 0 0 0 0 0
121 ASP 0 54.168 8.403 119.928 176.174 40.199
122 ASN 0 53.099 8.157 119.721 175.343 38.549
123 GLU 0 56.359 8.398 122.331 176.013 29.180
124 ALA 0 51.817 8.247 125.106 177.174 18.162
125 TYR 0 57.321 8.074 120.756 175.334 38.123
126 GLU 0 55.157 8.169 124.568 175.386 29.659
127 MET 0 52.885 8.459 124.609 174.283 31.309
128 XXX 0 0 0 0 0 0
129 SER 0 57.909 8.521 117.442 174.789 63.566
130 GLU 0 56.012 8.605 123.864 176.558 29.234
131 GLU 0 56.386 8.504 122.704 176.997 29.287
132 GLY 0 44.656 8.431 110.565 173.791 0
133 TYR 0 57.722 8.107 121.005 175.693 38.123
134 GLN 0 54.889 8.230 123.449 174.775 28.808
135 ASP 0 53.821 8.258 122.331 175.507 40.358
136 TYR 0 57.161 8.079 121.129 175.108 38.282
137 GLU 0 53.153 8.292 126.059 173.777 29.234
138 XXX 0 0 0 0 0 0
139 GLU 0 56.145 8.538 122.165 175.454 29.234
