2 0 
3 0.91 
4 0.98 
5 0.92 
6 0 
7 0 
8 0.96 
9 1 
10 0 
11 0 
12 1 
13 0 
14 0 
15 1.00 
16 0 
17 0.99 
18 0.97 
19 0 
20 0 
21 1.00 
22 0.91 
23 0.90 
24 0.90 
25 0 
26 0.99 
27 0 
28 0 
29 0.89 
30 0.93 
31 0.83 
32 0.90 
33 0.95 
34 0 
35 0 
36 0 
37 0.82 
38 0.61 
39 0 
40 0.51 
41 0.56 
42 0 
43 0.87 
44 0.82 
45 0 
46 0 
47 0 
48 0.74 
49 0 
50 0.60 
51 0 
52 0.64 
53 0.45 
54 0.51 
55 0.53 
56 0.36 
57 0.32 
58 0.25 
59 0.03 
60 0 
61 0.14 
62 0.07 
63 0 
64 0 
65 0.06 
66 0.29 
67 0.12 
68 0.30 
69 0.28 
70 0.39 
71 0.26 
72 0.33 
73 0 
74 0.36 
75 0 
76 0.41 
77 0.38 
78 0 
79 0 
80 0 
81 0.76 
82 0.48 
83 0.77 
84 0 
85 0.86 
86 0.77 
87 0 
88 0.86 
89 0.82 
90 0.80 
91 0 
92 0.90 
93 0.66 
94 0.96 
95 0.89 
96 0.81 
97 0 
98 0.87 
99 1.00 
100 0 
101 0.95 
102 0 
103 0.98 
104 0.94 
105 0.99 
106 0 
107 0.99 
109 0 
110 0.93 
111 0.92 
112 0.95 
113 0 
114 0.96 
115 0.93 
116 0 
118 0.95 
119 0.84 
121 0.94 
122 0.96 
123 0.92 
124 0.95 
125 0.96 
126 0.89 
127 0.87 
129 0.86 
130 0.85 
131 0 
132 1.00 
133 0 
134 1 
135 0 
136 0.96 
137 0.90 
139 1.00 
