2 0 
3 1 
4 1.00 
5 1 
6 1 
7 1 
8 0.98 
9 1 
10 1.00 
11 0.97 
12 1 
13 0.95 
14 1 
15 1 
16 1 
17 1 
18 0.98 
19 1 
20 1 
21 1 
22 1 
23 1 
24 0 
25 1 
26 1 
27 1 
28 1 
29 1 
30 0.99 
31 1 
32 1 
33 1 
34 0 
35 0.95 
36 0 
37 1 
38 0.90 
39 0.89 
40 0.70 
41 0.71 
42 0.99 
43 0.94 
44 1.00 
45 0.89 
46 0.96 
47 0 
48 0.98 
49 0.97 
50 0.77 
51 0.69 
52 0.98 
53 0.80 
54 0.98 
55 0.91 
56 0.75 
57 0.94 
58 0.86 
59 0.93 
60 0.85 
61 0.81 
62 0.81 
63 0.79 
64 0.83 
65 0.72 
66 0.92 
67 0.62 
68 0.68 
69 0.72 
70 0.70 
71 0.59 
72 0.57 
73 0.33 
74 0.60 
75 0.56 
76 0.43 
77 0.32 
78 0.40 
79 0.20 
80 0.15 
81 0.09 
82 0.07 
83 0.10 
84 0.05 
85 0 
86 0.03 
87 0.11 
88 0 
89 0.11 
90 0.03 
91 0.14 
92 0.18 
93 0.18 
94 0.27 
95 0.14 
96 0.17 
97 0.52 
98 0.25 
99 0.50 
100 0.59 
101 0.46 
102 0.83 
103 0.77 
104 0.83 
105 0.99 
106 0 
107 0.84 
109 0.61 
110 0.74 
111 0.61 
112 0.82 
113 0.70 
114 0.75 
115 0.84 
116 0.87 
118 1 
119 0.68 
121 0.88 
122 1 
123 1 
124 0.98 
125 0.86 
126 0.80 
127 0.85 
129 0.74 
130 0.84 
131 1 
132 0.72 
133 0.97 
134 0 
135 1 
136 1 
137 1 
139 1 
140 0.49 
