2 0 
3 0.90 
4 0.87 
5 0.78 
6 0 
7 0 
8 0.76 
9 0.98 
10 0 
11 0 
12 0.87 
13 0 
14 0 
15 0.92 
16 0 
17 0.78 
18 0 
19 0.71 
20 0 
21 0.81 
22 0.77 
23 0.74 
24 0.65 
25 0 
26 0.59 
27 0 
28 0 
29 0.42 
30 0 
31 0.30 
32 0.37 
33 0.30 
34 0 
35 0 
36 0 
37 0.22 
38 0.14 
39 0 
40 0.06 
41 0.06 
42 0 
43 0.03 
44 0 
45 0 
46 0 
47 0 
48 0.13 
49 0 
50 0.15 
51 0.15 
52 0.25 
53 0.39 
54 0.29 
55 0 
56 0 
57 0.45 
58 0.55 
59 0.66 
60 0.65 
61 0 
62 0 
63 0.86 
64 0.88 
65 0 
66 0.90 
67 0.80 
68 0.87 
69 0.86 
70 0.95 
71 0.87 
72 0.91 
73 0.74 
74 0.93 
75 0.73 
76 0.85 
77 0 
78 0.82 
79 0.94 
80 0 
81 0.98 
82 0 
83 0.95 
84 0.93 
85 1 
86 0.88 
87 0.97 
88 1 
89 0.97 
90 0.96 
91 0.91 
92 1 
93 0.89 
94 0.81 
95 0.94 
96 0 
97 0.88 
98 0.97 
99 0 
100 1.00 
101 0.95 
102 1 
103 1 
104 0 
105 0 
106 0.88 
107 0.99 
109 0.92 
110 0.97 
111 0.87 
112 0.96 
113 0 
114 0.88 
115 0.95 
116 0.82 
118 0 
119 0.76 
121 0.87 
122 0.97 
123 0 
124 0.93 
125 0.88 
126 0.86 
127 0.80 
129 0.71 
130 0.71 
131 0 
132 0 
133 0.94 
134 0.87 
135 0.88 
136 0.94 
137 0 
139 0 
140 0.98 
