2 0 
3 1 
4 1 
5 0.97 
6 0 
7 0 
8 0.95 
9 1 
10 0 
11 0 
12 1 
13 0 
14 0 
15 0 
16 1 
17 1.00 
18 1 
19 0 
20 1 
21 1 
22 0 
23 0.98 
24 1 
25 0 
26 1 
27 0 
28 0 
29 1 
30 1 
31 0 
32 1 
33 1.00 
34 0 
35 0 
36 0 
37 0 
38 1.00 
39 0.89 
40 0.85 
41 0.81 
42 0 
43 0 
44 0.99 
45 0 
46 0 
47 0 
48 0 
49 1.00 
50 0.88 
51 0.79 
52 0 
53 0.98 
54 0.98 
55 0 
56 0.73 
57 0.90 
58 0.92 
59 0 
60 1 
61 0.92 
62 0 
63 1 
64 0 
65 1.00 
66 0 
67 1 
68 0.90 
69 0.88 
70 1 
71 1 
72 0 
73 0.70 
74 0.93 
75 0 
76 0.89 
77 0.75 
78 0.75 
79 0 
80 0.65 
81 0.93 
82 0.99 
83 0.73 
84 0 
85 0.68 
86 0.71 
87 0.77 
88 0.86 
89 0.48 
90 0.35 
91 0.26 
92 0.44 
93 0 
94 0.27 
95 0.28 
96 0.08 
97 0 
98 0 
99 0 
100 0.04 
101 0 
102 0.06 
103 0.02 
104 0 
105 0 
106 0 
107 0.02 
109 0.05 
110 0.02 
111 0 
112 0.18 
113 0 
114 0 
115 0.22 
116 0.43 
118 0.65 
119 0.35 
121 0.73 
122 0.95 
123 0.90 
124 0.87 
125 0.79 
126 0.84 
127 0.87 
129 0.85 
130 0 
131 0.79 
132 0 
133 0.97 
134 1.00 
135 0 
136 1 
137 0.99 
139 0 
140 0.99 
