2 0 
3 0.53 
4 0.27 
5 0.20 
6 0.36 
7 0.49 
8 0.27 
9 0.40 
10 0.31 
11 0.46 
12 0.37 
13 0 
14 0.40 
15 0.20 
16 0.36 
17 0.06 
18 0.37 
19 0.16 
20 0 
21 0 
22 0 
23 0 
24 0 
25 0 
26 0.10 
27 0.18 
28 0.16 
29 0.11 
30 0.48 
31 0.21 
32 0.37 
33 0.47 
34 0 
35 0.68 
36 0 
37 0.52 
38 0.35 
39 0.48 
40 0.25 
41 0.29 
42 0.50 
43 0.76 
44 0 
45 0.62 
46 0.88 
47 0 
48 0.87 
49 0.47 
50 0.67 
51 0.43 
52 0.81 
53 0.75 
54 0.83 
55 0 
56 0.94 
57 0.81 
58 0.92 
59 0.94 
60 0.86 
61 0.93 
62 0.90 
63 1 
64 0.98 
65 0 
66 1 
67 0.92 
68 0.97 
69 0.96 
70 1 
71 1 
72 0.97 
73 0.93 
74 1 
75 0.94 
76 0.96 
77 0.99 
78 0.97 
79 0.92 
80 0.94 
81 0.99 
82 1 
83 1 
84 0.81 
85 1 
86 0.89 
87 0.82 
88 1 
89 0.99 
90 1 
91 0.83 
92 0.98 
93 0.89 
94 1 
95 0.98 
96 1 
97 0 
98 1 
99 0.98 
100 1 
101 0.92 
102 1.00 
103 0.96 
104 1 
105 0.93 
106 0 
107 1 
109 0.88 
110 0.98 
111 0.83 
112 0.95 
113 0.87 
114 0.84 
115 0.93 
116 0.96 
118 0.87 
119 0.69 
121 0.83 
122 0.96 
123 0.94 
124 0.85 
125 0.75 
126 0.63 
127 0.56 
129 0.60 
130 0.57 
131 0.72 
132 0 
133 0.77 
134 0.75 
135 0.78 
136 0.86 
137 0.68 
139 0.80 
140 0.22 
