2 0 
3 1 
4 0.99 
5 1 
6 0 
7 0 
8 1 
9 0 
10 0 
11 0 
12 1 
13 0 
14 0.99 
15 0.98 
16 1 
17 1 
18 1 
19 0.97 
20 1 
21 1 
22 1 
23 1 
24 0 
25 0 
26 1 
27 1 
28 1 
29 1 
30 0 
31 1 
32 1 
33 1 
34 0 
35 0 
36 0 
37 0.96 
38 0.79 
39 0.91 
40 0.67 
41 0.74 
42 1 
43 0 
44 0.86 
45 0.73 
46 1 
47 1 
48 0.92 
49 0.95 
50 0.68 
51 0 
52 0.91 
53 0.90 
54 1 
55 0.87 
56 0.80 
57 0.87 
58 1 
59 1 
60 1 
61 1 
62 0 
63 1.00 
64 1 
65 1 
66 0.89 
67 0 
68 0.97 
69 0.89 
70 0.75 
71 0.74 
72 0 
73 0.66 
74 0.73 
75 0.79 
76 0.60 
77 0.33 
78 0.06 
79 0.06 
80 0.06 
81 0.06 
82 0.06 
83 0.18 
84 0.06 
85 0.06 
86 0.06 
87 0 
88 0.06 
89 0.06 
90 0 
91 0 
92 0.06 
93 0 
94 0.06 
95 0.06 
96 0.06 
97 0.37 
98 0.06 
99 0.17 
100 0.40 
101 0.21 
102 0.55 
103 0.45 
104 0.56 
105 0.63 
106 0.57 
107 0.51 
109 0.43 
110 0.58 
111 0.31 
112 0.47 
113 0.40 
114 0.52 
115 0.59 
116 0.60 
118 0.62 
119 0.40 
121 0.60 
122 0.92 
123 0.89 
124 0.77 
125 0.66 
126 0.58 
127 0.67 
129 0.67 
130 0.67 
131 0.94 
132 0.82 
133 0.75 
134 0.81 
135 0.94 
136 0.91 
137 0.81 
139 0.96 
140 1 
