2 0 
3 0.88 
4 0.66 
5 0.67 
6 0.74 
7 0.66 
8 0.71 
9 0.83 
10 0.66 
11 1 
12 0.77 
13 1 
14 0.96 
15 0.77 
16 1 
17 0.95 
18 0.81 
19 0.93 
20 0.98 
21 0.93 
22 0.98 
23 0.95 
24 0.94 
25 0 
26 0.97 
27 0.93 
28 0.88 
29 0.91 
30 0.95 
31 0.93 
32 0.81 
33 0.97 
34 0 
35 1 
36 0 
37 0.85 
38 0.66 
39 0.66 
40 0.42 
41 0.51 
42 0.73 
43 0.50 
44 0.85 
45 0.73 
46 1 
47 0 
48 0.86 
49 0.83 
50 0.72 
51 0.57 
52 0.84 
53 0.80 
54 0.89 
55 0.96 
56 0.87 
57 0.91 
58 0.85 
59 0.96 
60 0.86 
61 1 
62 1 
63 1 
64 0.97 
65 0.99 
66 1 
67 0.90 
68 1.00 
69 0.96 
70 0.96 
71 0.90 
72 0.86 
73 0.72 
74 0.85 
75 0.88 
76 0.74 
77 0.67 
78 0.82 
79 0.74 
80 0.74 
81 0.83 
82 0.79 
83 0.77 
84 0.76 
85 0.73 
86 0.69 
87 0.80 
88 0 
89 0.70 
90 0.47 
91 0.24 
92 0.66 
93 0.25 
94 0.52 
95 0.32 
96 0.29 
97 0.43 
98 0.47 
99 0.57 
100 0.60 
101 0.50 
102 0.70 
103 0.62 
104 0.82 
105 0.90 
106 0 
107 0.53 
109 0.29 
110 0.51 
111 0.24 
112 0.44 
113 0.24 
114 0.40 
115 0.36 
116 0.09 
118 0 
119 0 
121 0 
122 0 
123 0.11 
124 0 
125 0.02 
126 0 
127 0.03 
129 0.06 
130 0.15 
131 0.79 
132 0.73 
133 0.59 
134 0 
135 0.76 
136 0.78 
137 0.75 
139 0.88 
140 0.53 
