2 0 
3 0.89 
4 0.88 
5 0.82 
6 0 
7 0 
8 0.76 
9 0.57 
10 0 
11 0 
12 0.75 
13 0 
14 0 
15 0.70 
16 0 
17 0.57 
18 0.51 
19 0 
20 0.12 
21 0 
22 0.03 
23 0 
24 0 
25 0 
26 0 
27 0 
28 0 
29 0 
30 0.26 
31 0.23 
32 0.23 
33 0.42 
34 0 
35 0 
36 0 
37 0.55 
38 0.42 
39 0 
40 0.31 
41 0.34 
42 0 
43 0 
44 0.83 
45 0 
46 0 
47 0 
48 0.91 
49 0 
50 0.84 
51 0 
52 0.90 
53 0.90 
54 1 
55 1 
56 0.94 
57 0.98 
58 0.99 
59 0 
60 1.00 
61 0 
62 0 
63 0.99 
64 1 
65 1 
66 0.96 
67 0.93 
68 1 
69 0 
70 1 
71 0.99 
72 0.99 
73 0 
74 1 
75 0.89 
76 0.96 
77 0.99 
78 0 
79 0 
80 1 
81 1 
82 0.81 
83 1 
84 0 
85 1 
86 0.99 
87 1 
88 1 
89 1 
90 0 
91 1 
92 1 
93 1 
94 1 
95 0.96 
96 0.97 
97 0 
98 1 
99 0 
100 1 
101 1 
102 0 
103 1 
104 0 
105 0.92 
106 0 
107 0.99 
109 1.00 
110 1 
111 0 
112 1 
113 0 
114 0.99 
115 1 
116 1.00 
118 0.99 
119 0.95 
121 1 
122 1 
123 1 
124 0.99 
125 0.97 
126 0.96 
127 0.91 
129 0.92 
130 0.92 
131 0 
132 0 
133 1 
134 0.99 
135 1 
136 1 
137 0 
139 1 
140 0
