2 0 
3 0.93 
4 0 
5 0.96 
6 0 
7 0 
8 0.94 
9 1 
10 0 
11 0 
12 1 
13 0 
14 0 
15 1 
16 0 
17 0.96 
18 0 
19 1 
20 0 
21 0 
22 1 
23 0 
24 0.97 
25 0.91 
26 1 
27 0 
28 0 
29 0.97 
30 0 
31 1 
32 0 
33 1 
34 1.00 
35 0 
36 0 
37 0.97 
38 0.82 
39 0 
40 0.77 
41 0.82 
42 0 
43 0.83 
44 0.97 
45 0 
46 0 
47 0 
48 1.00 
49 0 
50 0.81 
51 0 
52 0.93 
53 0.84 
54 0.95 
55 0 
56 0 
57 0.84 
58 0.89 
59 0.97 
60 0.90 
61 0 
62 0 
63 0.92 
64 0.89 
65 0.91 
66 0.88 
67 0.79 
68 0 
69 0.79 
70 0.89 
71 0.77 
72 0.72 
73 0 
74 0.78 
75 0.58 
76 0.54 
77 0 
78 0.43 
79 0 
80 0.12 
81 0.18 
82 0 
83 0.10 
84 0 
85 0.12 
86 0.18 
87 0 
88 0 
89 0.01 
90 0 
91 0.03 
92 0 
93 0.17 
94 0 
95 0.29 
96 0.17 
97 0.13 
98 0.31 
99 0 
100 0.58 
101 0.56 
102 0.81 
103 0.74 
104 0.71 
105 0.93 
106 0 
107 0.72 
109 0.65 
110 0.73 
111 0.62 
112 0.81 
113 0 
114 0.82 
115 0.77 
116 0.80 
118 0.83 
119 0.62 
121 0.82 
122 0 
123 0.90 
124 0.88 
125 0.84 
126 0.80 
127 0.79 
129 0 
130 0.72 
131 0 
132 0.92 
133 0 
134 0.87 
135 0.92 
136 0.98 
137 0.90 
139 1 
