2 0 
3 0.67 
4 0.41 
5 0 
6 0 
7 0 
8 0.06 
9 0 
10 0 
11 0 
12 0 
13 0 
14 0 
15 0.06 
16 0.06 
17 0.06 
18 0 
19 0 
20 0 
21 0 
22 0 
23 0.06 
24 0 
25 0 
26 0.27 
27 0.06 
28 0.06 
29 0.06 
30 0 
31 0.06 
32 0.53 
33 0.06 
34 0 
35 0 
36 0.06 
37 0.62 
38 0.34 
39 0.47 
40 0.40 
41 0.52 
42 0 
43 0 
44 0.71 
45 0 
46 0.67 
47 0 
48 0.75 
49 0.72 
50 0 
51 0 
52 0.72 
53 0.75 
54 0.76 
55 0.74 
56 0.85 
57 0.84 
58 0.76 
59 0.88 
60 1 
61 0.98 
62 0 
63 1.00 
64 0 
65 0.97 
66 0.91 
67 0 
68 0.77 
69 0 
70 0.92 
71 0.94 
72 1 
73 0 
74 0.94 
75 1 
76 1 
77 0.95 
78 0.92 
79 1.00 
80 0 
81 1 
82 0.98 
83 0.99 
84 1 
85 0.92 
86 0 
87 0 
88 0.96 
89 0.97 
90 0.98 
91 1 
92 1 
93 0 
94 0.80 
95 1 
96 0.88 
97 0.81 
98 1 
99 0.90 
100 0.98 
101 0.94 
102 1 
103 0 
104 1 
105 0.96 
106 1 
107 0.93 
109 0.86 
110 0.96 
111 0.83 
112 0.89 
113 0.87 
114 0.88 
115 0.87 
116 0.91 
118 0.86 
119 0.75 
121 0.87 
122 0.94 
123 0.92 
124 0.90 
125 0.88 
126 0.84 
127 0.84 
129 0.71 
130 0.72 
131 0.95 
132 0.81 
133 0.80 
134 0.81 
135 0.83 
136 0.80 
137 0.86 
139 0.81 
140 0
