2 0 
3 1 
4 0.92 
5 0 
6 0.90 
7 0 
8 0.80 
9 0 
10 0 
11 0 
12 0.76 
13 0 
14 0.96 
15 1 
16 1 
17 0.97 
18 0.80 
19 0.80 
20 1 
21 0.56 
22 0.59 
23 0 
24 0 
25 0 
26 0.89 
27 0.86 
28 0.94 
29 0.87 
30 0 
31 0.60 
32 1 
33 0 
34 0 
35 0 
36 0.65 
37 1.00 
38 1.00 
39 1 
40 1 
41 0.74 
42 0.91 
43 0 
44 0.91 
45 0 
46 0.74 
47 0.86 
48 0.91 
49 1 
50 0 
51 0 
52 0.95 
53 0.90 
54 0.71 
55 0.92 
56 0.84 
57 0.87 
58 0.67 
59 0.69 
60 1 
61 1 
62 0 
63 0.93 
64 0.73 
65 0.60 
66 0.75 
67 0.65 
68 0.56 
69 0.71 
70 1 
71 1 
72 0.82 
73 0 
74 0.89 
75 0.52 
76 0.77 
77 1 
78 0.88 
79 0.57 
80 0 
81 0.85 
82 0.98 
83 0.90 
84 0.61 
85 0.54 
86 0.69 
87 0.51 
88 0.80 
89 0.78 
90 0.75 
91 0.45 
92 0.52 
93 0.88 
94 1 
95 1 
96 0.78 
97 0.54 
98 0.58 
99 0.57 
100 0.88 
101 0.87 
102 0.71 
103 0 
104 0.88 
105 0.97 
106 0.85 
107 0.96 
109 0.96 
110 1 
111 0.88 
112 1 
113 1 
114 1 
115 1 
116 1 
118 1 
119 1 
121 1 
122 1.00 
123 0.94 
124 1 
125 1 
126 1 
127 0.95 
129 0.78 
130 0.74 
131 0.88 
132 0.73 
133 0.72 
134 0.92 
135 0.84 
136 0.82 
137 0.51 
139 0.14 
140 0
