2 0 
3 1 
4 0 
5 0.91 
6 0 
7 0 
8 0.95 
9 1 
10 0 
11 0 
12 0 
13 0 
14 0 
15 0 
16 0 
17 0.99 
18 0.92 
19 0 
20 1 
21 1 
22 0.94 
23 0 
24 0 
25 0.98 
26 0.96 
27 0.89 
28 0.98 
29 1 
30 0 
31 0.87 
32 1 
33 1 
34 0 
35 0 
36 0.84 
37 0.75 
38 0.49 
39 0.63 
40 0.46 
41 0.44 
42 0 
43 0 
44 0.90 
45 0 
46 0.77 
47 0 
48 0.75 
49 0 
50 0.65 
51 0 
52 0.62 
53 0.45 
54 0.71 
55 0 
56 0.40 
57 0.47 
58 0.49 
59 0.59 
60 0.51 
61 0 
62 0.52 
63 0.26 
64 0.27 
65 0 
66 0.20 
67 0.15 
68 0.10 
69 0.11 
70 0.09 
71 0.03 
72 0.01 
73 0.05 
74 0.03 
75 0 
76 0 
77 0 
78 0 
79 0.10 
80 0.07 
81 0.03 
82 0.06 
83 0.21 
84 0.46 
85 0.29 
86 0.18 
87 0.42 
88 0.34 
89 0.28 
90 0.20 
91 0 
92 0.44 
93 0.17 
94 0.44 
95 0.34 
96 0.30 
97 0.86 
98 0.50 
99 0.76 
100 0.67 
101 0.63 
102 0.83 
103 0.78 
104 0.86 
105 1 
106 0.88 
107 0.85 
109 0.66 
110 0.85 
111 0.68 
112 0.70 
113 0.57 
114 0.74 
115 0.78 
116 0.73 
118 0.63 
119 0.56 
121 0.74 
122 1 
123 1 
124 0.78 
125 0.76 
126 0.69 
127 0.74 
129 0.83 
130 0.83 
131 0 
132 0.91 
133 0.98 
134 0.91 
135 0.94 
136 0.87 
137 0.73 
139 0.86 
140 0.67 
