   12 0.497  
   13 3.056  
   14 2.549  
   17 2.961  
   18 2.298  
   20 0.861  
   21 3.048  
   23 4.766  
   25 2.801  
   26 2.511  
   27 1.684  
   28 1.435  
   29 3.939  
   31 1.480  
   32 0.730  
   33 2.796  
   36 4.671  
   37 3.464  
   38 3.960  
   39 3.331  
   40 3.858  
   41 2.492  
   44 2.949  
   45 2.936  
   49 3.066  
   53 6.596  
   54 6.322  
   55 5.782  
   56 6.723  
   57 5.600  
   58 7.658  
   59 5.918  
   60 4.127  
   63 6.293  
   64 5.913  
   65 3.559  
   66 2.558  
   67 2.077  
   68 1.539  
   69 3.882  
   70 3.874  
   71 3.516  
   72 4.204  
   73 5.264  
   74 4.866  
   75 5.774  
   76 5.549  
   77 6.407  
   78 5.504  
   79 6.372  
   80 6.861  
   81 5.456  
   83 3.017  
   84 3.981  
   85 0.318  
   86 2.587  
   88 3.182  
   89 3.090  
   90 2.555  
   91 2.802  
   92 2.834  
   93 2.638  
   94 2.047  
   95 4.890  
   96 4.202  
   97 3.305  
   98 2.473  
   99 4.089  
  101 2.340  
  102 1.104  
  103 3.178  
  104 1.960  
  105 0.378  
  106 3.083  
  107 4.420  
  109 4.953  
  110 1.949  
  111 5.633  
  112 3.654  
  113 6.931  
  114 2.576  
  115 6.838  
  116 9.972  
  118 10.742  
  119 10.489  
  121 0.579  
  122 0.612  
  123 3.027  
  124 1.486  
  125 5.064  
  126 7.752  
  127 10.508  
  129 8.342  
  130 6.624  
  131 1.203  
  132 3.380  
  134 3.121  
  135 4.152  
  136 2.809  
  137 3.963  
  139 3.179  
  140 2.264  
