1 0
2 0 
3 0 
4 0 
5 0 
7 0.283 
8 0.310 
9 0.377 
10 0.543 
11 0.640 
12 0.845 
13 0.885 
14 1.078 
15 1.106 
16 0 
17 0.768 
20 0.782 
21 0.852 
22 0.891 
23 0.760 
24 0.871 
25 0.854 
26 0.789 
27 0.717 
28 0.608 
29 0.834 
30 0.819 
31 0.491 
32 0.539 
33 0.775 
34 0.666 
35 0.632 
36 0.610 
37 0.762 
38 0.436 
39 0.536 
40 0.819 
41 0 
42 1.007 
43 0.690 
44 0.730 
45 0.741 
46 0.412 
47 0 
48 0.559 
49 0.412 
50 0.352 
51 0.000 
52 0.000 
53 0.285 
54 0.000 
55 0.180 
56 0.237 
58 0.297 
59 0.174 
60 0.000 
61 0.193 
62 0.000 
63 0.000 
64 0.191 
65 0.117 
66 0.052 
67 0.138 
69 0.094 
70 0.333 
71 0.897 
