1 0
2 0 
3 0 
4 0 
5 0.280 
7 0.000 
8 0.000 
9 0.000 
10 0 
11 0.307 
12 0.150 
13 0.422 
14 0.586 
15 0.430 
16 0.409 
17 0.048 
20 0.000 
21 0.000 
22 0.000 
23 0.000 
24 0.000 
25 0.000 
26 0.000 
27 0.000 
28 0.067 
29 0.195 
30 0.103 
31 0.059 
32 0.101 
33 0.348 
34 0.380 
35 0.213 
36 0.460 
37 0.551 
38 0.205 
39 0.323 
40 0.600 
41 0.810 
42 0.949 
43 0.766 
44 0.793 
45 0.799 
46 0.585 
47 0.705 
48 0.724 
49 0.798 
50 0.620 
51 0.568 
52 0.902 
53 0.623 
54 0.617 
55 0.450 
56 0.357 
58 0.743 
59 0.645 
60 0.708 
61 0.856 
62 1.003 
63 0.966 
64 1.014 
65 0.961 
66 0.812 
67 0.916 
69 0.883 
70 1.073 
71 0.962 
