1 0
2 0 
3 0 
4 0 
5 0 
7 0.000 
8 0.083 
9 0.119 
10 0.262 
11 0.259 
12 0.214 
13 0.612 
14 0.726 
15 0.475 
16 0.342 
17 0.414 
20 0.498 
21 0.572 
22 0.587 
23 0.706 
24 0.617 
25 0.575 
26 0.509 
27 0.375 
28 0.288 
29 0.613 
30 0.385 
31 0.288 
32 0.263 
33 0.000 
34 0.000 
35 0.321 
36 0.206 
37 0.225 
38 0.078 
39 0 
40 0.000 
41 0 
42 0.000 
43 0.000 
44 0.000 
45 0.114 
46 0.128 
47 0.000 
48 0.193 
49 0.000 
50 0.128 
51 0.000 
52 0 
53 0.170 
54 0 
55 0.192 
56 0.173 
58 0.491 
59 0.347 
60 0.473 
61 0.540 
62 0.647 
63 0.632 
64 0.711 
65 0.734 
66 0.566 
67 0.800 
69 0.715 
70 0.958 
71 0.840 
