1 0
2 0 
3 0 
4 0 
5 0 
7 0.000 
8 0.100 
9 0.312 
10 0.456 
11 0.474 
12 0.543 
13 0.618 
14 0.665 
15 0 
16 0.509 
17 0.389 
20 0.371 
21 0.624 
22 0.574 
23 0.563 
24 0.492 
25 0.569 
26 0.547 
27 0.361 
28 0.372 
29 0.596 
30 0.580 
31 0.354 
32 0.366 
33 0.533 
34 0 
35 0.443 
36 0.604 
37 0.590 
38 0.417 
39 0.802 
40 0.589 
41 0 
42 0.717 
43 0.521 
44 0.657 
45 0.595 
46 0.407 
47 0.530 
48 0.598 
49 0 
50 0.508 
51 0 
52 0.820 
53 0.630 
54 0.659 
55 0.510 
56 0.355 
58 0.623 
59 0.544 
60 0.665 
61 0.721 
62 0 
63 0.702 
64 0.801 
65 0.720 
66 0.610 
67 0.644 
69 0.636 
70 0.724 
71 0.632 
