1 XXX 0 0 0 0 0 0
2 XXX 0 0 0 0 0 0
3 XXX 0 0 0 0 0 0
4 ASN 0 53.353 0 0 174.546 39.17
5 XXX 0 0 8.109 122.096 0 0
6 PRO 0 63.144 0 0 176.423 32.198
7 LEU 0 55.203 8.168 122.096 176.97 42.454
8 LEU 0 54.818 8.052 123.208 176.858 42.526
9 ARG 0 55.911 8.2 121.54 175.731 30.91
10 ASN 0 53.336 8.411 119.871 175.163 39.187
11 SER 0 58.62 8.194 115.979 174.671 63.775
12 LEU 0 55.74 8.194 123.208 177.346 41.952
13 ASP 0 54.895 7.971 119.315 176.023 41.238
14 ASP 0 54.625 7.931 119.593 176.078 41.202
15 LEU 0 55.552 7.918 121.54 177.802 42.3
16 VAL 0 62.39 7.869 119.871 176.15 32.816
17 XXX 0 0 8.064 112.086 0 0
18 XXX 0 0 0 0 0 0
19 PRO 0 63.109 0 0 176.959 32.028
20 SER 0 58.45 8.277 115.701 174.319 63.82
21 ASN 0 53.276 8.312 120.149 175.072 38.869
22 LEU 0 55.449 8.089 122.096 177.413 42.308
23 GLU 0 56.924 8.229 120.983 177.043 30.239
24 GLY 0 45.507 8.276 109.584 174.149 0
25 GLN 0 55.767 8.055 119.593 176.009 29.604
26 SER 0 58.476 8.277 116.813 174.233 63.799
27 ASP 0 54.375 8.285 122.652 176.563 41.233
28 GLU 0 57.818 8.372 121.818 177.19 29.945
29 ARG 0 57.181 8.111 120.705 176.775 30.382
30 ALA 0 53.433 7.967 122.93 178.464 19.157
31 LEU 0 56.099 7.821 119.593 177.988 42.042
32 LEU 0 56.125 7.853 120.983 177.815 42.131
33 ASP 0 55.261 8.055 119.871 177.027 41.046
34 GLN 0 56.695 7.995 119.593 176.666 29.187
35 LEU 0 56.154 7.981 120.983 177.606 42.101
36 HIS 0 56.497 8.113 117.925 175.461 29.555
37 THR 0 62.824 7.879 114.867 174.521 69.711
38 LEU 0 55.698 8.026 124.042 177.379 42.313
39 LEU 0 55.26 8.022 121.818 177.317 42.365
40 SER 0 58.407 8.027 115.701 174.207 63.756
41 ASN 0 53.442 8.264 120.427 175.395 39.04
42 THR 0 61.97 8.009 113.754 174.242 69.733
43 ASP 0 54.37 8.177 122.374 175.947 41.262
44 ALA 0 52.763 8.118 124.32 177.978 19.157
45 THR 0 62.698 8.158 112.642 175.46 69.918
46 GLY 0 45.576 8.337 110.974 174.235 0
47 LEU 0 55.314 7.935 121.262 177.44 42.482
48 GLU 0 57.099 8.385 120.983 176.614 30.311
49 GLU 0 56.712 8.243 121.262 176.676 30.283
50 ILE 0 61.442 7.863 120.983 175.941 38.932
51 ASP 0 54.726 8.19 123.208 176.666 41.086
52 ARG 0 56.596 8.058 121.818 176.401 30.638
53 ALA 0 52.897 8.14 123.764 177.239 19.157
54 LEU 0 55.314 7.865 119.871 177.803 42.551
55 GLY 0 45.347 8.063 108.471 173.589 0
56 XXX 0 0 7.8 121.262 0 0
57 PRO 0 63.558 0 0 176.849 32.214
58 GLU 0 56.853 8.331 120.149 176.455 30.359
59 LEU 0 55.26 8.05 122.652 177.28 42.436
60 VAL 0 62.628 7.912 120.427 175.918 32.778
61 ASN 0 53.396 8.361 121.818 175.174 38.883
62 GLN 0 56.278 8.271 120.705 176.399 29.421
63 GLY 0 45.494 8.3 109.306 174.041 0
64 GLN 0 55.737 8.025 119.871 175.528 29.672
65 ALA 0 52.41 8.206 125.154 177.265 19.157
66 LEU 0 54.833 8.057 121.54 176.971 42.598
67 XXX 0 0 8.135 122.93 0 0
68 PRO 0 63.015 0 0 176.559 32.169
69 LYS 0 56.146 8.259 122.096 176.307 33.298
70 GLN 0 55.654 8.402 123.208 174.505 29.991
71 XXX 0 0 0 0 0 0 
