5 -3.570000
7 -7.820000
8 -7.720000
9 -8.850000
11 -1.020000
12 -6.090000
13 1.770000
14 -2.220000
15 -4.230000
16 -6.860000
17 -8.420000
20 -6.180000
22 -5.340000
23 -1.440000
24 -6.870000
25 -3.870000
26 -7.280000
27 -5.170000
28 4.230000
29 7.720000
30 8.860000
31 4.150000
32 7.760000
33 6.860000
34 4.010000
35 5.570000
36 6.740000
37 2.360000
38 -2.530000
39 -2.160000
40 -5.170000
42 -5.530000
43 -5.410000
44 -4.510000
45 -3.170000
46 -6.270000
47 -3.280000
48 -5.240000
49 -4.900000
50 -4.610000
51 -5.710000
52 -3.090000
53 -1.400000
54 -3.730000
55 -7.410000
56 -9.560000
58 -7.840000
59 -7.270000
60 -8.420000
61 -9.810000
63 -5.620000
64 -3.820000
65 -7.740000
66 -9.570000
67 -11.660000
69 -9.420000
70 -10.620000
